route_id,trip_id,service_id,direction_id,block_id,shape_id,drt_advance_book_min,peak_offpeak,boarding_type
1,85048,253,1,111,13652,0.0,0,0
1,85049,253,1,123,13652,0.0,0,0
1,85050,253,1,123,13652,0.0,0,0
1,85051,253,1,123,13652,0.0,0,0
1,85052,253,1,123,13652,0.0,0,0
1,85053,253,1,123,13652,0.0,0,0
1,85054,253,1,129,13652,0.0,0,0
1,85055,253,1,129,13652,0.0,0,0
1,85056,253,1,131,13652,0.0,0,0
1,85057,253,1,122,13652,0.0,0,0
1,85058,253,1,135,13652,0.0,0,0
1,85059,253,1,115,13652,0.0,0,0
1,85060,253,1,115,13652,0.0,0,0
1,85061,253,1,141,13652,0.0,0,0
1,85062,253,1,141,13652,0.0,0,0
1,85063,253,1,141,13652,0.0,0,0
1,85064,253,1,141,13652,0.0,0,0
1,85065,253,1,146,13652,0.0,0,0
1,85066,253,1,137,13652,0.0,0,0
1,85067,253,1,137,13652,0.0,0,0
1,85068,253,1,137,13652,0.0,0,0
1,85069,253,1,135,13652,0.0,0,0
1,85070,253,1,141,13652,0.0,0,0
1,85071,253,1,140,13652,0.0,0,0
1,85072,253,1,140,13652,0.0,0,0
1,85073,253,0,111,13658,0.0,0,0
1,85074,253,0,123,13658,0.0,0,0
1,85075,253,0,123,13658,0.0,0,0
1,85076,253,0,123,13658,0.0,0,0
1,85077,253,0,123,13658,0.0,0,0
1,85078,253,0,123,13658,0.0,0,0
1,85079,253,0,129,13658,0.0,0,0
1,85080,253,0,129,13658,0.0,0,0
1,85081,253,0,131,13658,0.0,0,0
1,85082,253,0,122,13658,0.0,0,0
1,85083,253,0,135,13658,0.0,0,0
1,85084,253,0,115,13658,0.0,0,0
1,85085,253,0,115,13658,0.0,0,0
1,85086,253,0,141,13658,0.0,0,0
1,85087,253,0,141,13658,0.0,0,0
1,85088,253,0,141,13658,0.0,0,0
1,85089,253,0,141,13658,0.0,0,0
1,85090,253,0,146,13658,0.0,0,0
1,85091,253,0,137,13658,0.0,0,0
1,85092,253,0,137,13658,0.0,0,0
1,85093,253,0,137,13658,0.0,0,0
1,85094,253,0,135,13658,0.0,0,0
1,85095,253,0,141,13658,0.0,0,0
1,85096,253,0,140,13658,0.0,0,0
1,85097,253,0,140,13658,0.0,0,0
1,85098,254,1,170,13652,0.0,0,0
1,85099,254,1,170,13652,0.0,0,0
1,85100,254,1,183,13652,0.0,0,0
1,85101,254,1,194,13652,0.0,0,0
1,85102,254,1,183,13652,0.0,0,0
1,85103,254,1,181,13652,0.0,0,0
1,85104,254,1,183,13652,0.0,0,0
1,85105,254,1,183,13652,0.0,0,0
1,85106,254,1,7143,13652,0.0,0,0
1,85107,254,1,184,13652,0.0,0,0
1,85108,254,1,185,13652,0.0,0,0
1,85109,254,1,7142,13652,0.0,0,0
1,85110,254,1,189,13652,0.0,0,0
1,85111,254,1,188,13652,0.0,0,0
1,85112,254,1,189,13652,0.0,0,0
1,85113,254,0,170,13658,0.0,0,0
1,85114,254,0,170,13658,0.0,0,0
1,85115,254,0,183,13658,0.0,0,0
1,85116,254,0,194,13658,0.0,0,0
1,85117,254,0,183,13658,0.0,0,0
1,85118,254,0,181,13658,0.0,0,0
1,85119,254,0,183,13658,0.0,0,0
1,85120,254,0,183,13658,0.0,0,0
1,85121,254,0,7143,13658,0.0,0,0
1,85122,254,0,184,13658,0.0,0,0
1,85123,254,0,185,13658,0.0,0,0
1,85124,254,0,7142,13658,0.0,0,0
1,85125,254,0,189,13658,0.0,0,0
1,85126,254,0,188,13658,0.0,0,0
1,85127,254,0,189,13658,0.0,0,0
1,85128,255,1,203,13652,0.0,0,0
1,85129,255,1,203,13652,0.0,0,0
1,85130,255,1,205,13652,0.0,0,0
1,85131,255,1,203,13652,0.0,0,0
1,85132,255,1,205,13652,0.0,0,0
1,85133,255,1,3735,13652,0.0,0,0
1,85134,255,1,203,13652,0.0,0,0
1,85135,255,1,203,13652,0.0,0,0
1,85136,255,1,207,13652,0.0,0,0
1,85137,255,1,201,13652,0.0,0,0
1,85138,255,1,210,13652,0.0,0,0
1,85139,255,1,218,13652,0.0,0,0
1,85140,255,1,7176,13652,0.0,0,0
1,85141,255,1,7171,13652,0.0,0,0
1,85142,255,0,203,13658,0.0,0,0
1,85143,255,0,203,13658,0.0,0,0
1,85144,255,0,205,13658,0.0,0,0
1,85145,255,0,203,13658,0.0,0,0
1,85146,255,0,205,13658,0.0,0,0
1,85147,255,0,3735,13658,0.0,0,0
1,85148,255,0,203,13658,0.0,0,0
1,85149,255,0,203,13658,0.0,0,0
1,85150,255,0,207,13658,0.0,0,0
1,85151,255,0,201,13658,0.0,0,0
1,85152,255,0,210,13658,0.0,0,0
1,85153,255,0,218,13658,0.0,0,0
1,85154,255,0,7176,13658,0.0,0,0
1,85155,255,0,7171,13658,0.0,0,0
2,85156,253,1,115,13664,0.0,0,0
2,85157,253,1,110,13664,0.0,0,0
2,85158,253,1,116,13664,0.0,0,0
2,85159,253,1,125,13664,0.0,0,0
2,85160,253,1,116,13664,0.0,0,0
2,85161,253,1,128,13664,0.0,0,0
2,85162,253,1,124,13664,0.0,0,0
2,85163,253,1,134,13664,0.0,0,0
2,85164,253,1,117,13664,0.0,0,0
2,85165,253,1,124,13664,0.0,0,0
2,85166,253,1,131,13664,0.0,0,0
2,85167,253,1,142,13664,0.0,0,0
2,85168,253,1,7102,13664,0.0,0,0
2,85169,253,1,134,13664,0.0,0,0
2,85170,253,1,7106,13664,0.0,0,0
2,85171,253,1,143,13664,0.0,0,0
2,85172,253,1,142,13664,0.0,0,0
2,85173,253,1,150,13664,0.0,0,0
2,85174,253,1,7106,13664,0.0,0,0
2,85175,253,1,147,13664,0.0,0,0
2,85176,253,1,141,13664,0.0,0,0
2,85177,253,0,115,13670,0.0,0,0
2,85178,253,0,110,13670,0.0,0,0
2,85179,253,0,116,13670,0.0,0,0
2,85180,253,0,125,13670,0.0,0,0
2,85181,253,0,116,13670,0.0,0,0
2,85182,253,0,128,13670,0.0,0,0
2,85183,253,0,124,13670,0.0,0,0
2,85184,253,0,134,13670,0.0,0,0
2,85185,253,0,117,13670,0.0,0,0
2,85186,253,0,124,13670,0.0,0,0
2,85187,253,0,131,13670,0.0,0,0
2,85188,253,0,142,13670,0.0,0,0
2,85189,253,0,7102,13670,0.0,0,0
2,85190,253,0,134,13670,0.0,0,0
2,85191,253,0,7106,13670,0.0,0,0
2,85192,253,0,143,13670,0.0,0,0
2,85193,253,0,142,13670,0.0,0,0
2,85194,253,0,150,13670,0.0,0,0
2,85195,253,0,7106,13670,0.0,0,0
2,85196,253,0,139,13670,0.0,0,0
2,85197,254,1,175,13664,0.0,0,0
2,85198,254,1,180,13664,0.0,0,0
2,85199,254,1,174,13664,0.0,0,0
2,85200,254,1,175,13664,0.0,0,0
2,85201,254,1,172,13664,0.0,0,0
2,85202,254,1,177,13664,0.0,0,0
2,85203,254,1,180,13664,0.0,0,0
2,85204,254,1,184,13664,0.0,0,0
2,85205,254,1,185,13664,0.0,0,0
2,85206,254,1,188,13664,0.0,0,0
2,85207,254,1,189,13664,0.0,0,0
2,85208,254,1,188,13664,0.0,0,0
2,85209,254,1,190,13664,0.0,0,0
2,85210,254,1,3712,13664,0.0,0,0
2,85211,254,1,7147,13664,0.0,0,0
2,85212,254,1,7148,13664,0.0,0,0
2,85213,254,1,187,13664,0.0,0,0
2,85214,254,0,175,13670,0.0,0,0
2,85215,254,0,180,13670,0.0,0,0
2,85216,254,0,174,13670,0.0,0,0
2,85217,254,0,175,13670,0.0,0,0
2,85218,254,0,172,13670,0.0,0,0
2,85219,254,0,177,13670,0.0,0,0
2,85220,254,0,180,13670,0.0,0,0
2,85221,254,0,184,13670,0.0,0,0
2,85222,254,0,185,13670,0.0,0,0
2,85223,254,0,188,13670,0.0,0,0
2,85224,254,0,189,13670,0.0,0,0
2,85225,254,0,188,13670,0.0,0,0
2,85226,254,0,190,13670,0.0,0,0
2,85227,254,0,3712,13670,0.0,0,0
2,85228,254,0,7147,13670,0.0,0,0
2,85229,254,0,7148,13670,0.0,0,0
2,85230,255,1,204,13664,0.0,0,0
2,85231,255,1,215,13664,0.0,0,0
2,85232,255,1,204,13664,0.0,0,0
2,85233,255,1,216,13664,0.0,0,0
2,85234,255,1,207,13664,0.0,0,0
2,85235,255,1,211,13664,0.0,0,0
2,85236,255,1,3736,13664,0.0,0,0
2,85237,255,1,211,13664,0.0,0,0
2,85238,255,1,7170,13664,0.0,0,0
2,85239,255,1,7171,13664,0.0,0,0
2,85240,255,1,3736,13664,0.0,0,0
2,85241,255,1,213,13664,0.0,0,0
2,85242,255,1,210,13664,0.0,0,0
2,85243,255,0,204,13670,0.0,0,0
2,85244,255,0,215,13670,0.0,0,0
2,85245,255,0,204,13670,0.0,0,0
2,85246,255,0,216,13670,0.0,0,0
2,85247,255,0,207,13670,0.0,0,0
2,85248,255,0,211,13670,0.0,0,0
2,85249,255,0,3736,13670,0.0,0,0
2,85250,255,0,211,13670,0.0,0,0
2,85251,255,0,7170,13670,0.0,0,0
2,85252,255,0,7171,13670,0.0,0,0
2,85253,255,0,3736,13670,0.0,0,0
2,85254,255,0,213,13670,0.0,0,0
3,85255,253,1,120,13676,0.0,0,0
3,85256,253,1,125,13676,0.0,0,0
3,85257,253,1,125,13676,0.0,0,0
3,85258,253,1,111,13676,0.0,0,0
3,85259,253,1,127,13676,0.0,0,0
3,85260,253,1,124,13676,0.0,0,0
3,85261,253,1,117,13676,0.0,0,0
3,85262,253,1,117,13676,0.0,0,0
3,85263,253,1,119,13676,0.0,0,0
3,85264,253,1,131,13676,0.0,0,0
3,85265,253,1,140,13676,0.0,0,0
3,85266,253,1,2783,13676,0.0,0,0
3,85267,253,1,118,13676,0.0,0,0
3,85268,253,1,7106,13676,0.0,0,0
3,85269,253,1,150,13676,0.0,0,0
3,85270,253,1,138,13676,0.0,0,0
3,85271,253,1,7105,13676,0.0,0,0
3,85272,253,1,147,13676,0.0,0,0
3,85273,253,1,141,13676,0.0,0,0
3,85274,253,0,122,13682,0.0,0,0
3,85275,253,0,117,13682,0.0,0,0
3,85276,253,0,126,13682,0.0,0,0
3,85277,253,0,112,13682,0.0,0,0
3,85278,253,0,115,13682,0.0,0,0
3,85279,253,0,117,13682,0.0,0,0
3,85280,253,0,120,13682,0.0,0,0
3,85281,253,0,127,13682,0.0,0,0
3,85282,253,0,126,13682,0.0,0,0
3,85283,253,0,137,13682,0.0,0,0
3,85284,253,0,7102,13682,0.0,0,0
3,85285,253,0,143,13682,0.0,0,0
3,85286,253,0,137,13682,0.0,0,0
3,85287,253,0,130,13682,0.0,0,0
3,85288,253,0,149,13682,0.0,0,0
3,85289,253,0,135,13682,0.0,0,0
3,85290,253,0,163,13682,0.0,0,0
3,85291,253,0,142,13682,0.0,0,0
3,85292,253,0,148,13682,0.0,0,0
3,85293,253,0,150,13682,0.0,0,0
3,85294,254,1,179,13676,0.0,0,0
3,85295,254,1,176,13676,0.0,0,0
3,85296,254,1,180,13676,0.0,0,0
3,85297,254,1,175,13676,0.0,0,0
3,85298,254,1,173,13676,0.0,0,0
3,85299,254,1,172,13676,0.0,0,0
3,85300,254,1,179,13676,0.0,0,0
3,85301,254,1,7144,13676,0.0,0,0
3,85302,254,1,190,13676,0.0,0,0
3,85303,254,1,186,13676,0.0,0,0
3,85304,254,1,7148,13676,0.0,0,0
3,85305,254,1,187,13676,0.0,0,0
3,85306,254,0,179,13682,0.0,0,0
3,85307,254,0,180,13682,0.0,0,0
3,85308,254,0,174,13682,0.0,0,0
3,85309,254,0,175,13682,0.0,0,0
3,85310,254,0,187,13682,0.0,0,0
3,85311,254,0,179,13682,0.0,0,0
3,85312,254,0,7144,13682,0.0,0,0
3,85313,254,0,178,13682,0.0,0,0
3,85314,254,0,174,13682,0.0,0,0
3,85315,254,0,186,13682,0.0,0,0
3,85316,254,0,1729,13682,0.0,0,0
3,85317,254,0,3712,13682,0.0,0,0
3,85318,255,1,207,13676,0.0,0,0
3,85319,255,1,202,13676,0.0,0,0
3,85320,255,1,202,13676,0.0,0,0
3,85321,255,1,209,13676,0.0,0,0
3,85322,255,1,212,13676,0.0,0,0
3,85323,255,1,212,13676,0.0,0,0
3,85324,255,1,3736,13676,0.0,0,0
3,85325,255,1,209,13676,0.0,0,0
3,85326,255,1,213,13676,0.0,0,0
3,85327,255,1,214,13676,0.0,0,0
3,85328,255,1,206,13676,0.0,0,0
3,85329,255,1,211,13676,0.0,0,0
3,85330,255,0,207,13682,0.0,0,0
3,85331,255,0,215,13682,0.0,0,0
3,85332,255,0,202,13682,0.0,0,0
3,85333,255,0,209,13682,0.0,0,0
3,85334,255,0,212,13682,0.0,0,0
3,85335,255,0,204,13682,0.0,0,0
3,85336,255,0,215,13682,0.0,0,0
3,85337,255,0,209,13682,0.0,0,0
3,85338,255,0,209,13682,0.0,0,0
3,85339,255,0,213,13682,0.0,0,0
3,85340,255,0,7170,13682,0.0,0,0
3,85341,255,0,7171,13682,0.0,0,0
3,85342,255,0,3736,13682,0.0,0,0
18,85343,253,0,115,13688,0.0,0,0
18,85344,253,0,110,13688,0.0,0,0
18,85345,253,0,120,13688,0.0,0,0
18,85346,253,0,120,13688,0.0,0,0
18,85347,253,0,120,13688,0.0,0,0
18,85348,253,0,111,13688,0.0,0,0
18,85349,253,0,111,13688,0.0,0,0
18,85350,253,0,126,13688,0.0,0,0
18,85351,253,0,128,13688,0.0,0,0
18,85352,253,0,117,13688,0.0,0,0
18,85353,253,0,137,13688,0.0,0,0
18,85354,253,0,137,13688,0.0,0,0
18,85355,253,0,130,13688,0.0,0,0
18,85356,253,0,118,13688,0.0,0,0
18,85357,253,0,162,13688,0.0,0,0
18,85358,253,0,150,13688,0.0,0,0
18,85359,253,0,150,13688,0.0,0,0
18,85360,253,0,143,13688,0.0,0,0
18,85361,253,1,115,13694,0.0,0,0
18,85362,253,1,110,13694,0.0,0,0
18,85363,253,1,120,13694,0.0,0,0
18,85364,253,1,120,13694,0.0,0,0
18,85365,253,1,120,13694,0.0,0,0
18,85366,253,1,111,13694,0.0,0,0
18,85367,253,1,111,13694,0.0,0,0
18,85368,253,1,126,13694,0.0,0,0
18,85369,253,1,128,13694,0.0,0,0
18,85370,253,1,117,13694,0.0,0,0
18,85371,253,1,137,13694,0.0,0,0
18,85372,253,1,137,13694,0.0,0,0
18,85373,253,1,130,13694,0.0,0,0
18,85374,253,1,118,13694,0.0,0,0
18,85375,253,1,162,13694,0.0,0,0
18,85376,253,1,150,13694,0.0,0,0
18,85377,253,1,150,13694,0.0,0,0
18,85378,253,1,143,13694,0.0,0,0
18,85379,254,0,175,13688,0.0,0,0
18,85380,254,0,177,13688,0.0,0,0
18,85381,254,0,177,13688,0.0,0,0
18,85382,254,0,177,13688,0.0,0,0
18,85383,254,0,176,13688,0.0,0,0
18,85384,254,0,176,13688,0.0,0,0
18,85385,254,0,176,13688,0.0,0,0
18,85386,254,0,176,13688,0.0,0,0
18,85387,254,0,3712,13688,0.0,0,0
18,85388,254,0,3712,13688,0.0,0,0
18,85389,254,0,3712,13688,0.0,0,0
18,85390,254,0,3712,13688,0.0,0,0
18,85391,254,0,3712,13688,0.0,0,0
18,85392,254,1,175,13694,0.0,0,0
18,85393,254,1,177,13694,0.0,0,0
18,85394,254,1,177,13694,0.0,0,0
18,85395,254,1,177,13694,0.0,0,0
18,85396,254,1,176,13694,0.0,0,0
18,85397,254,1,176,13694,0.0,0,0
18,85398,254,1,176,13694,0.0,0,0
18,85399,254,1,176,13694,0.0,0,0
18,85400,254,1,3712,13694,0.0,0,0
18,85401,254,1,3712,13694,0.0,0,0
18,85402,254,1,3712,13694,0.0,0,0
18,85403,254,1,3712,13694,0.0,0,0
18,85404,254,1,3712,13694,0.0,0,0
18,85405,255,0,206,13688,0.0,0,0
18,85406,255,0,206,13688,0.0,0,0
18,85407,255,0,206,13688,0.0,0,0
18,85408,255,0,209,13688,0.0,0,0
18,85409,255,0,208,13688,0.0,0,0
18,85410,255,0,208,13688,0.0,0,0
18,85411,255,0,213,13688,0.0,0,0
18,85412,255,0,216,13688,0.0,0,0
18,85413,255,0,207,13688,0.0,0,0
18,85414,255,0,207,13688,0.0,0,0
18,85415,255,0,212,13688,0.0,0,0
18,85416,255,0,212,13688,0.0,0,0
18,85417,255,0,7175,13688,0.0,0,0
18,85418,255,1,206,13694,0.0,0,0
18,85419,255,1,206,13694,0.0,0,0
18,85420,255,1,206,13694,0.0,0,0
18,85421,255,1,209,13694,0.0,0,0
18,85422,255,1,208,13694,0.0,0,0
18,85423,255,1,208,13694,0.0,0,0
18,85424,255,1,213,13694,0.0,0,0
18,85425,255,1,216,13694,0.0,0,0
18,85426,255,1,207,13694,0.0,0,0
18,85427,255,1,207,13694,0.0,0,0
18,85428,255,1,212,13694,0.0,0,0
18,85429,255,1,212,13694,0.0,0,0
18,85430,255,1,7175,13694,0.0,0,0
4,85431,253,1,114,13700,0.0,0,0
4,85432,253,1,119,13700,0.0,0,0
4,85433,253,1,113,13700,0.0,0,0
4,85434,253,1,127,13700,0.0,0,0
4,85435,253,1,117,13700,0.0,0,0
4,85436,253,1,157,13700,0.0,0,0
4,85437,253,1,119,13700,0.0,0,0
4,85438,253,1,126,13700,0.0,0,0
4,85439,253,1,159,13700,0.0,0,0
4,85440,253,1,113,13700,0.0,0,0
4,85441,253,1,118,13700,0.0,0,0
4,85442,253,1,161,13700,0.0,0,0
4,85443,253,1,110,13700,0.0,0,0
4,85444,253,1,115,13700,0.0,0,0
4,85445,253,1,119,13700,0.0,0,0
4,85446,253,1,121,13700,0.0,0,0
4,85447,253,1,132,13700,0.0,0,0
4,85448,253,1,125,13700,0.0,0,0
4,85449,253,1,118,13700,0.0,0,0
4,85450,253,1,112,13700,0.0,0,0
4,85451,253,1,110,13700,0.0,0,0
4,85452,253,1,115,13700,0.0,0,0
4,85453,253,1,127,13700,0.0,0,0
4,85454,253,1,2783,13700,0.0,0,0
4,85455,253,1,121,13700,0.0,0,0
4,85456,253,1,126,13700,0.0,0,0
4,85457,253,1,118,13700,0.0,0,0
4,85458,253,1,123,13700,0.0,0,0
4,85459,253,1,2535,13700,0.0,0,0
4,85460,253,1,125,13700,0.0,0,0
4,85461,253,1,127,13700,0.0,0,0
4,85462,253,1,129,13700,0.0,0,0
4,85463,253,1,121,13700,0.0,0,0
4,85464,253,1,144,13700,0.0,0,0
4,85465,253,1,139,13700,0.0,0,0
4,85466,253,1,140,13700,0.0,0,0
4,85467,253,1,2535,13700,0.0,0,0
4,85468,253,1,145,13700,0.0,0,0
4,85469,253,1,136,13700,0.0,0,0
4,85470,253,1,7105,13700,0.0,0,0
4,85471,253,1,130,13700,0.0,0,0
4,85472,253,1,131,13700,0.0,0,0
4,85473,253,1,149,13700,0.0,0,0
4,85474,253,1,164,13700,0.0,0,0
4,85475,253,1,140,13700,0.0,0,0
4,85476,253,1,1146,13700,0.0,0,0
4,85477,253,1,145,13700,0.0,0,0
4,85478,253,1,166,13700,0.0,0,0
4,85479,253,1,141,13700,0.0,0,0
4,85480,253,1,165,13700,0.0,0,0
4,85481,253,1,164,13700,0.0,0,0
4,85482,253,1,146,13700,0.0,0,0
4,85483,253,1,145,13700,0.0,0,0
4,85484,253,1,144,13700,0.0,0,0
4,85485,253,1,149,13700,0.0,0,0
4,85486,253,1,146,13700,0.0,0,0
4,85487,253,1,145,13700,0.0,0,0
4,85488,253,1,149,13700,0.0,0,0
4,85489,253,0,113,13706,0.0,0,0
4,85490,253,0,157,13706,0.0,0,0
4,85491,253,0,112,13706,0.0,0,0
4,85492,253,0,119,13706,0.0,0,0
4,85493,253,0,159,13706,0.0,0,0
4,85494,253,0,114,13706,0.0,0,0
4,85495,253,0,127,13706,0.0,0,0
4,85496,253,0,161,13706,0.0,0,0
4,85497,253,0,110,13706,0.0,0,0
4,85498,253,0,122,13706,0.0,0,0
4,85499,253,0,119,13706,0.0,0,0
4,85500,253,0,121,13706,0.0,0,0
4,85501,253,0,132,13706,0.0,0,0
4,85502,253,0,125,13706,0.0,0,0
4,85503,253,0,118,13706,0.0,0,0
4,85504,253,0,126,13706,0.0,0,0
4,85505,253,0,110,13706,0.0,0,0
4,85506,253,0,115,13706,0.0,0,0
4,85507,253,0,119,13706,0.0,0,0
4,85508,253,0,121,13706,0.0,0,0
4,85509,253,0,132,13706,0.0,0,0
4,85510,253,0,136,13706,0.0,0,0
4,85511,253,0,118,13706,0.0,0,0
4,85512,253,0,112,13706,0.0,0,0
4,85513,253,0,110,13706,0.0,0,0
4,85514,253,0,130,13706,0.0,0,0
4,85515,253,0,127,13706,0.0,0,0
4,85516,253,0,2783,13706,0.0,0,0
4,85517,253,0,121,13706,0.0,0,0
4,85518,253,0,135,13706,0.0,0,0
4,85519,253,0,118,13706,0.0,0,0
4,85520,253,0,138,13706,0.0,0,0
4,85521,253,0,2535,13706,0.0,0,0
4,85522,253,0,7106,13706,0.0,0,0
4,85523,253,0,127,13706,0.0,0,0
4,85524,253,0,124,13706,0.0,0,0
4,85525,253,0,125,13706,0.0,0,0
4,85526,253,0,135,13706,0.0,0,0
4,85527,253,0,139,13706,0.0,0,0
4,85528,253,0,138,13706,0.0,0,0
4,85529,253,0,1146,13706,0.0,0,0
4,85530,253,0,145,13706,0.0,0,0
4,85531,253,0,136,13706,0.0,0,0
4,85532,253,0,141,13706,0.0,0,0
4,85533,253,0,130,13706,0.0,0,0
4,85534,253,0,165,13706,0.0,0,0
4,85535,253,0,149,13706,0.0,0,0
4,85536,253,0,164,13706,0.0,0,0
4,85537,253,0,139,13706,0.0,0,0
4,85538,253,0,148,13706,0.0,0,0
4,85539,253,0,166,13706,0.0,0,0
4,85540,253,0,144,13706,0.0,0,0
4,85541,253,0,149,13706,0.0,0,0
4,85542,253,0,142,13706,0.0,0,0
4,85543,253,0,145,13706,0.0,0,0
4,85544,253,0,144,13706,0.0,0,0
4,85545,253,0,149,13706,0.0,0,0
4,85546,253,0,147,13706,0.0,0,0
4,85547,254,1,169,13700,0.0,0,0
4,85548,254,1,168,13700,0.0,0,0
4,85549,254,1,178,13700,0.0,0,0
4,85550,254,1,169,13700,0.0,0,0
4,85551,254,1,183,13700,0.0,0,0
4,85552,254,1,168,13700,0.0,0,0
4,85553,254,1,178,13700,0.0,0,0
4,85554,254,1,169,13700,0.0,0,0
4,85555,254,1,174,13700,0.0,0,0
4,85556,254,1,179,13700,0.0,0,0
4,85557,254,1,184,13700,0.0,0,0
4,85558,254,1,168,13700,0.0,0,0
4,85559,254,1,178,13700,0.0,0,0
4,85560,254,1,186,13700,0.0,0,0
4,85561,254,1,169,13700,0.0,0,0
4,85562,254,1,174,13700,0.0,0,0
4,85563,254,1,180,13700,0.0,0,0
4,85564,254,1,190,13700,0.0,0,0
4,85565,254,1,184,13700,0.0,0,0
4,85566,254,1,7141,13700,0.0,0,0
4,85567,254,1,186,13700,0.0,0,0
4,85568,254,1,174,13700,0.0,0,0
4,85569,254,1,7142,13700,0.0,0,0
4,85570,254,1,1730,13700,0.0,0,0
4,85571,254,1,189,13700,0.0,0,0
4,85572,254,1,187,13700,0.0,0,0
4,85573,254,1,7143,13700,0.0,0,0
4,85574,254,1,190,13700,0.0,0,0
4,85575,254,1,7142,13700,0.0,0,0
4,85576,254,1,7141,13700,0.0,0,0
4,85577,254,1,7144,13700,0.0,0,0
4,85578,254,1,190,13700,0.0,0,0
4,85579,254,1,7142,13700,0.0,0,0
4,85580,254,1,7141,13700,0.0,0,0
4,85581,254,1,7144,13700,0.0,0,0
4,85582,254,0,168,13706,0.0,0,0
4,85583,254,0,169,13706,0.0,0,0
4,85584,254,0,177,13706,0.0,0,0
4,85585,254,0,168,13706,0.0,0,0
4,85586,254,0,178,13706,0.0,0,0
4,85587,254,0,169,13706,0.0,0,0
4,85588,254,0,179,13706,0.0,0,0
4,85589,254,0,168,13706,0.0,0,0
4,85590,254,0,170,13706,0.0,0,0
4,85591,254,0,178,13706,0.0,0,0
4,85592,254,0,194,13706,0.0,0,0
4,85593,254,0,174,13706,0.0,0,0
4,85594,254,0,179,13706,0.0,0,0
4,85595,254,0,171,13706,0.0,0,0
4,85596,254,0,168,13706,0.0,0,0
4,85597,254,0,170,13706,0.0,0,0
4,85598,254,0,186,13706,0.0,0,0
4,85599,254,0,173,13706,0.0,0,0
4,85600,254,0,174,13706,0.0,0,0
4,85601,254,0,7142,13706,0.0,0,0
4,85602,254,0,190,13706,0.0,0,0
4,85603,254,0,7148,13706,0.0,0,0
4,85604,254,0,7141,13706,0.0,0,0
4,85605,254,0,186,13706,0.0,0,0
4,85606,254,0,179,13706,0.0,0,0
4,85607,254,0,7148,13706,0.0,0,0
4,85608,254,0,7142,13706,0.0,0,0
4,85609,254,0,187,13706,0.0,0,0
4,85610,254,0,7144,13706,0.0,0,0
4,85611,254,0,190,13706,0.0,0,0
4,85612,254,0,189,13706,0.0,0,0
4,85613,254,0,7141,13706,0.0,0,0
4,85614,254,0,3712,13706,0.0,0,0
4,85615,254,0,190,13706,0.0,0,0
4,85616,254,0,7142,13706,0.0,0,0
4,85617,255,1,199,13700,0.0,0,0
4,85618,255,1,198,13700,0.0,0,0
4,85619,255,1,199,13700,0.0,0,0
4,85620,255,1,209,13700,0.0,0,0
4,85621,255,1,198,13700,0.0,0,0
4,85622,255,1,200,13700,0.0,0,0
4,85623,255,1,199,13700,0.0,0,0
4,85624,255,1,201,13700,0.0,0,0
4,85625,255,1,198,13700,0.0,0,0
4,85626,255,1,206,13700,0.0,0,0
4,85627,255,1,199,13700,0.0,0,0
4,85628,255,1,201,13700,0.0,0,0
4,85629,255,1,198,13700,0.0,0,0
4,85630,255,1,200,13700,0.0,0,0
4,85631,255,1,3735,13700,0.0,0,0
4,85632,255,1,7172,13700,0.0,0,0
4,85633,255,1,209,13700,0.0,0,0
4,85634,255,1,217,13700,0.0,0,0
4,85635,255,1,7169,13700,0.0,0,0
4,85636,255,1,7174,13700,0.0,0,0
4,85637,255,1,3735,13700,0.0,0,0
4,85638,255,1,7171,13700,0.0,0,0
4,85639,255,1,7169,13700,0.0,0,0
4,85640,255,1,3735,13700,0.0,0,0
4,85641,255,1,7169,13700,0.0,0,0
4,85642,255,1,7172,13700,0.0,0,0
4,85643,255,0,198,13706,0.0,0,0
4,85644,255,0,199,13706,0.0,0,0
4,85645,255,0,198,13706,0.0,0,0
4,85646,255,0,202,13706,0.0,0,0
4,85647,255,0,199,13706,0.0,0,0
4,85648,255,0,208,13706,0.0,0,0
4,85649,255,0,198,13706,0.0,0,0
4,85650,255,0,200,13706,0.0,0,0
4,85651,255,0,199,13706,0.0,0,0
4,85652,255,0,210,13706,0.0,0,0
4,85653,255,0,198,13706,0.0,0,0
4,85654,255,0,200,13706,0.0,0,0
4,85655,255,0,199,13706,0.0,0,0
4,85656,255,0,201,13706,0.0,0,0
4,85657,255,0,210,13706,0.0,0,0
4,85658,255,0,214,13706,0.0,0,0
4,85659,255,0,7169,13706,0.0,0,0
4,85660,255,0,7172,13706,0.0,0,0
4,85661,255,0,3735,13706,0.0,0,0
4,85662,255,0,217,13706,0.0,0,0
4,85663,255,0,7169,13706,0.0,0,0
4,85664,255,0,7174,13706,0.0,0,0
4,85665,255,0,3735,13706,0.0,0,0
4,85666,255,0,7171,13706,0.0,0,0
4,85667,255,0,7172,13706,0.0,0,0
4,85668,255,0,7171,13706,0.0,0,0
5,85669,253,1,116,13712,0.0,0,0
5,85670,253,1,120,13712,0.0,0,0
5,85671,253,1,128,13712,0.0,0,0
5,85672,253,1,111,13712,0.0,0,0
5,85673,253,1,127,13712,0.0,0,0
5,85674,253,1,128,13712,0.0,0,0
5,85675,253,1,111,13712,0.0,0,0
5,85676,253,1,119,13712,0.0,0,0
5,85677,253,1,134,13712,0.0,0,0
5,85678,253,1,2783,13712,0.0,0,0
5,85679,253,1,2536,13712,0.0,0,0
5,85680,253,1,148,13712,0.0,0,0
5,85681,253,1,7106,13712,0.0,0,0
5,85682,253,1,7105,13712,0.0,0,0
5,85683,253,1,143,13712,0.0,0,0
5,85684,253,0,116,13718,0.0,0,0
5,85685,253,0,120,13718,0.0,0,0
5,85686,253,0,128,13718,0.0,0,0
5,85687,253,0,111,13718,0.0,0,0
5,85688,253,0,127,13718,0.0,0,0
5,85689,253,0,128,13718,0.0,0,0
5,85690,253,0,111,13718,0.0,0,0
5,85691,253,0,139,13718,0.0,0,0
5,85692,253,0,134,13718,0.0,0,0
5,85693,253,0,2783,13718,0.0,0,0
5,85694,253,0,2536,13718,0.0,0,0
5,85695,253,0,148,13718,0.0,0,0
5,85696,253,0,7106,13718,0.0,0,0
5,85697,253,0,7105,13718,0.0,0,0
5,85698,253,0,143,13718,0.0,0,0
5,85699,254,1,174,13712,0.0,0,0
5,85700,254,1,172,13712,0.0,0,0
5,85701,254,1,176,13712,0.0,0,0
5,85702,254,1,180,13712,0.0,0,0
5,85703,254,1,195,13712,0.0,0,0
5,85704,254,1,188,13712,0.0,0,0
5,85705,254,1,189,13712,0.0,0,0
5,85706,254,1,179,13712,0.0,0,0
5,85707,254,1,7144,13712,0.0,0,0
5,85708,254,1,1729,13712,0.0,0,0
5,85709,254,1,1730,13712,0.0,0,0
5,85710,254,1,186,13712,0.0,0,0
5,85711,254,0,174,13718,0.0,0,0
5,85712,254,0,172,13718,0.0,0,0
5,85713,254,0,176,13718,0.0,0,0
5,85714,254,0,180,13718,0.0,0,0
5,85715,254,0,195,13718,0.0,0,0
5,85716,254,0,188,13718,0.0,0,0
5,85717,254,0,189,13718,0.0,0,0
5,85718,254,0,179,13718,0.0,0,0
5,85719,254,0,7144,13718,0.0,0,0
5,85720,254,0,1729,13718,0.0,0,0
5,85721,254,0,1730,13718,0.0,0,0
5,85722,254,0,186,13718,0.0,0,0
5,85723,255,1,207,13712,0.0,0,0
5,85724,255,1,212,13712,0.0,0,0
5,85725,255,1,215,13712,0.0,0,0
5,85726,255,1,209,13712,0.0,0,0
5,85727,255,1,212,13712,0.0,0,0
5,85728,255,1,7171,13712,0.0,0,0
5,85729,255,1,3736,13712,0.0,0,0
5,85730,255,1,212,13712,0.0,0,0
5,85731,255,1,7170,13712,0.0,0,0
5,85732,255,0,207,13718,0.0,0,0
5,85733,255,0,212,13718,0.0,0,0
5,85734,255,0,215,13718,0.0,0,0
5,85735,255,0,209,13718,0.0,0,0
5,85736,255,0,212,13718,0.0,0,0
5,85737,255,0,7171,13718,0.0,0,0
5,85738,255,0,3736,13718,0.0,0,0
5,85739,255,0,212,13718,0.0,0,0
5,85740,255,0,7170,13718,0.0,0,0
6,85741,253,0,112,13724,0.0,0,0
6,85742,253,0,111,13724,0.0,0,0
6,85743,253,0,114,13724,0.0,0,0
6,85744,253,0,121,13724,0.0,0,0
6,85745,253,0,122,13724,0.0,0,0
6,85746,253,0,121,13724,0.0,0,0
6,85747,253,0,157,13724,0.0,0,0
6,85748,253,0,126,13724,0.0,0,0
6,85749,253,0,130,13724,0.0,0,0
6,85750,253,0,161,13724,0.0,0,0
6,85751,253,0,122,13724,0.0,0,0
6,85752,253,0,135,13724,0.0,0,0
6,85753,253,0,125,13724,0.0,0,0
6,85754,253,0,122,13724,0.0,0,0
6,85755,253,0,135,13724,0.0,0,0
6,85756,253,0,122,13724,0.0,0,0
6,85757,253,0,136,13724,0.0,0,0
6,85758,253,0,123,13724,0.0,0,0
6,85759,253,0,125,13724,0.0,0,0
6,85760,253,0,123,13724,0.0,0,0
6,85761,253,0,144,13724,0.0,0,0
6,85762,253,0,141,13724,0.0,0,0
6,85763,253,0,146,13724,0.0,0,0
6,85764,253,0,147,13724,0.0,0,0
6,85765,253,0,146,13724,0.0,0,0
6,85766,253,0,134,13724,0.0,0,0
6,85767,253,0,137,13724,0.0,0,0
6,85768,253,0,140,13724,0.0,0,0
6,85769,253,0,137,13724,0.0,0,0
6,85770,253,0,139,13724,0.0,0,0
6,85771,253,0,147,13724,0.0,0,0
6,85772,253,0,147,13724,0.0,0,0
6,85773,253,0,146,13724,0.0,0,0
6,85774,253,0,145,13724,0.0,0,0
6,85775,253,1,112,13730,0.0,0,0
6,85776,253,1,111,13730,0.0,0,0
6,85777,253,1,114,13730,0.0,0,0
6,85778,253,1,121,13730,0.0,0,0
6,85779,253,1,122,13730,0.0,0,0
6,85780,253,1,121,13730,0.0,0,0
6,85781,253,1,130,13730,0.0,0,0
6,85782,253,1,126,13730,0.0,0,0
6,85783,253,1,130,13730,0.0,0,0
6,85784,253,1,161,13730,0.0,0,0
6,85785,253,1,122,13730,0.0,0,0
6,85786,253,1,135,13730,0.0,0,0
6,85787,253,1,125,13730,0.0,0,0
6,85788,253,1,122,13730,0.0,0,0
6,85789,253,1,135,13730,0.0,0,0
6,85790,253,1,122,13730,0.0,0,0
6,85791,253,1,136,13730,0.0,0,0
6,85792,253,1,123,13730,0.0,0,0
6,85793,253,1,131,13730,0.0,0,0
6,85794,253,1,123,13730,0.0,0,0
6,85795,253,1,144,13730,0.0,0,0
6,85796,253,1,141,13730,0.0,0,0
6,85797,253,1,146,13730,0.0,0,0
6,85798,253,1,147,13730,0.0,0,0
6,85799,253,1,146,13730,0.0,0,0
6,85800,253,1,140,13730,0.0,0,0
6,85801,253,1,137,13730,0.0,0,0
6,85802,253,1,140,13730,0.0,0,0
6,85803,253,1,137,13730,0.0,0,0
6,85804,253,1,147,13730,0.0,0,0
6,85805,253,1,147,13730,0.0,0,0
6,85806,253,1,147,13730,0.0,0,0
6,85807,253,1,146,13730,0.0,0,0
6,85808,254,0,170,13724,0.0,0,0
6,85809,254,0,170,13724,0.0,0,0
6,85810,254,0,181,13724,0.0,0,0
6,85811,254,0,181,13724,0.0,0,0
6,85812,254,0,170,13724,0.0,0,0
6,85813,254,0,183,13724,0.0,0,0
6,85814,254,0,171,13724,0.0,0,0
6,85815,254,0,183,13724,0.0,0,0
6,85816,254,0,194,13724,0.0,0,0
6,85817,254,0,172,13724,0.0,0,0
6,85818,254,0,183,13724,0.0,0,0
6,85819,254,0,7143,13724,0.0,0,0
6,85820,254,0,184,13724,0.0,0,0
6,85821,254,0,185,13724,0.0,0,0
6,85822,254,0,188,13724,0.0,0,0
6,85823,254,0,189,13724,0.0,0,0
6,85824,254,0,188,13724,0.0,0,0
6,85825,254,0,185,13724,0.0,0,0
6,85826,254,0,7143,13724,0.0,0,0
6,85827,254,0,7143,13724,0.0,0,0
6,85828,254,1,170,13730,0.0,0,0
6,85829,254,1,170,13730,0.0,0,0
6,85830,254,1,181,13730,0.0,0,0
6,85831,254,1,181,13730,0.0,0,0
6,85832,254,1,170,13730,0.0,0,0
6,85833,254,1,183,13730,0.0,0,0
6,85834,254,1,171,13730,0.0,0,0
6,85835,254,1,183,13730,0.0,0,0
6,85836,254,1,194,13730,0.0,0,0
6,85837,254,1,172,13730,0.0,0,0
6,85838,254,1,183,13730,0.0,0,0
6,85839,254,1,7143,13730,0.0,0,0
6,85840,254,1,184,13730,0.0,0,0
6,85841,254,1,185,13730,0.0,0,0
6,85842,254,1,188,13730,0.0,0,0
6,85843,254,1,189,13730,0.0,0,0
6,85844,254,1,188,13730,0.0,0,0
6,85845,254,1,187,13730,0.0,0,0
6,85846,254,1,7143,13730,0.0,0,0
6,85847,255,0,202,13724,0.0,0,0
6,85848,255,0,201,13724,0.0,0,0
6,85849,255,0,210,13724,0.0,0,0
6,85850,255,0,209,13724,0.0,0,0
6,85851,255,0,203,13724,0.0,0,0
6,85852,255,0,205,13724,0.0,0,0
6,85853,255,0,203,13724,0.0,0,0
6,85854,255,0,203,13724,0.0,0,0
6,85855,255,0,7169,13724,0.0,0,0
6,85856,255,0,7169,13724,0.0,0,0
6,85857,255,0,3735,13724,0.0,0,0
6,85858,255,0,7176,13724,0.0,0,0
6,85859,255,0,7176,13724,0.0,0,0
6,85860,255,0,214,13724,0.0,0,0
6,85861,255,0,7175,13724,0.0,0,0
6,85862,255,0,7170,13724,0.0,0,0
6,85863,255,0,3736,13724,0.0,0,0
6,85864,255,0,3735,13724,0.0,0,0
6,85865,255,1,202,13730,0.0,0,0
6,85866,255,1,201,13730,0.0,0,0
6,85867,255,1,210,13730,0.0,0,0
6,85868,255,1,203,13730,0.0,0,0
6,85869,255,1,205,13730,0.0,0,0
6,85870,255,1,203,13730,0.0,0,0
6,85871,255,1,203,13730,0.0,0,0
6,85872,255,1,7169,13730,0.0,0,0
6,85873,255,1,7169,13730,0.0,0,0
6,85874,255,1,3735,13730,0.0,0,0
6,85875,255,1,7176,13730,0.0,0,0
6,85876,255,1,7176,13730,0.0,0,0
6,85877,255,1,214,13730,0.0,0,0
6,85878,255,1,7175,13730,0.0,0,0
6,85879,255,1,7170,13730,0.0,0,0
6,85880,255,1,3736,13730,0.0,0,0
7,85881,253,0,158,13736,0.0,0,0
7,85882,253,0,115,13736,0.0,0,0
7,85883,253,0,117,13736,0.0,0,0
7,85884,253,0,2536,13736,0.0,0,0
7,85885,253,0,143,13736,0.0,0,0
7,85886,253,0,142,13736,0.0,0,0
7,85887,253,0,162,13736,0.0,0,0
7,85888,253,0,138,13736,0.0,0,0
7,85889,253,1,110,13738,0.0,0,0
7,85890,253,1,117,13738,0.0,0,0
7,85891,253,1,158,13738,0.0,0,0
7,85892,253,1,115,13738,0.0,0,0
7,85893,253,1,117,13738,0.0,0,0
7,85894,253,1,143,13738,0.0,0,0
7,85895,253,1,142,13738,0.0,0,0
7,85896,253,1,162,13738,0.0,0,0
7,85897,253,1,138,13738,0.0,0,0
857,85898,253,1,126,13740,0.0,0,0
857,85899,253,1,157,13740,0.0,0,0
857,85900,253,1,112,13740,0.0,0,0
857,85901,253,1,112,13740,0.0,0,0
857,85902,253,1,112,13740,0.0,0,0
857,85903,253,1,112,13740,0.0,0,0
857,85904,253,1,126,13740,0.0,0,0
857,85905,253,1,124,13740,0.0,0,0
857,85906,253,1,134,13740,0.0,0,0
857,85907,253,1,134,13740,0.0,0,0
857,85908,253,1,7102,13740,0.0,0,0
857,85909,253,1,143,13740,0.0,0,0
857,85910,253,1,142,13740,0.0,0,0
857,85911,253,1,148,13740,0.0,0,0
857,85912,253,1,134,13740,0.0,0,0
857,85913,253,1,144,13740,0.0,0,0
857,85914,253,1,130,13740,0.0,0,0
857,85915,253,1,139,13740,0.0,0,0
857,85916,253,1,150,13740,0.0,0,0
857,85917,253,1,150,13740,0.0,0,0
857,85918,253,0,125,13746,0.0,0,0
857,85919,253,0,158,13746,0.0,0,0
857,85920,253,0,118,13746,0.0,0,0
857,85921,253,0,112,13746,0.0,0,0
857,85922,253,0,112,13746,0.0,0,0
857,85923,253,0,112,13746,0.0,0,0
857,85924,253,0,124,13746,0.0,0,0
857,85925,253,0,134,13746,0.0,0,0
857,85926,253,0,134,13746,0.0,0,0
857,85927,253,0,124,13746,0.0,0,0
857,85928,253,0,139,13746,0.0,0,0
857,85929,253,0,142,13746,0.0,0,0
857,85930,253,0,7102,13746,0.0,0,0
857,85931,253,0,134,13746,0.0,0,0
857,85932,253,0,134,13746,0.0,0,0
857,85933,253,0,144,13746,0.0,0,0
857,85934,253,0,143,13746,0.0,0,0
857,85935,253,0,150,13746,0.0,0,0
857,85936,253,0,150,13746,0.0,0,0
857,85937,253,0,143,13746,0.0,0,0
857,85938,254,1,172,13740,0.0,0,0
857,85939,254,1,172,13740,0.0,0,0
857,85940,254,1,177,13740,0.0,0,0
857,85941,254,1,182,13740,0.0,0,0
857,85942,254,1,182,13740,0.0,0,0
857,85943,254,1,182,13740,0.0,0,0
857,85944,254,1,182,13740,0.0,0,0
857,85945,254,1,172,13740,0.0,0,0
857,85946,254,1,194,13740,0.0,0,0
857,85947,254,1,187,13740,0.0,0,0
857,85948,254,1,187,13740,0.0,0,0
857,85949,254,1,178,13740,0.0,0,0
857,85950,254,1,176,13740,0.0,0,0
857,85951,254,1,1729,13740,0.0,0,0
857,85952,254,1,7141,13740,0.0,0,0
857,85953,254,1,7141,13740,0.0,0,0
857,85954,254,1,186,13740,0.0,0,0
857,85955,254,1,7141,13740,0.0,0,0
857,85956,254,1,3712,13740,0.0,0,0
857,85957,254,1,3712,13740,0.0,0,0
857,85958,254,0,172,13746,0.0,0,0
857,85959,254,0,182,13746,0.0,0,0
857,85960,254,0,175,13746,0.0,0,0
857,85961,254,0,182,13746,0.0,0,0
857,85962,254,0,182,13746,0.0,0,0
857,85963,254,0,182,13746,0.0,0,0
857,85964,254,0,172,13746,0.0,0,0
857,85965,254,0,172,13746,0.0,0,0
857,85966,254,0,187,13746,0.0,0,0
857,85967,254,0,7141,13746,0.0,0,0
857,85968,254,0,178,13746,0.0,0,0
857,85969,254,0,176,13746,0.0,0,0
857,85970,254,0,7148,13746,0.0,0,0
857,85971,254,0,7141,13746,0.0,0,0
857,85972,254,0,7141,13746,0.0,0,0
857,85973,254,0,7141,13746,0.0,0,0
857,85974,254,0,3712,13746,0.0,0,0
857,85975,254,0,186,13746,0.0,0,0
857,85976,255,1,205,13740,0.0,0,0
857,85977,255,1,211,13740,0.0,0,0
857,85978,255,1,215,13740,0.0,0,0
857,85979,255,1,211,13740,0.0,0,0
857,85980,255,1,211,13740,0.0,0,0
857,85981,255,1,210,13740,0.0,0,0
857,85982,255,1,211,13740,0.0,0,0
857,85983,255,1,211,13740,0.0,0,0
857,85984,255,1,210,13740,0.0,0,0
857,85985,255,1,213,13740,0.0,0,0
857,85986,255,1,206,13740,0.0,0,0
857,85987,255,1,206,13740,0.0,0,0
857,85988,255,1,206,13740,0.0,0,0
857,85989,255,1,211,13740,0.0,0,0
857,85990,255,1,7172,13740,0.0,0,0
857,85991,255,1,7172,13740,0.0,0,0
857,85992,255,1,7172,13740,0.0,0,0
857,85993,255,0,205,13746,0.0,0,0
857,85994,255,0,205,13746,0.0,0,0
857,85995,255,0,211,13746,0.0,0,0
857,85996,255,0,211,13746,0.0,0,0
857,85997,255,0,211,13746,0.0,0,0
857,85998,255,0,211,13746,0.0,0,0
857,85999,255,0,213,13746,0.0,0,0
857,86000,255,0,7170,13746,0.0,0,0
857,86001,255,0,206,13746,0.0,0,0
857,86002,255,0,206,13746,0.0,0,0
857,86003,255,0,211,13746,0.0,0,0
857,86004,255,0,211,13746,0.0,0,0
857,86005,255,0,7172,13746,0.0,0,0
857,86006,255,0,7172,13746,0.0,0,0
857,86007,255,0,7172,13746,0.0,0,0
8,86008,253,1,121,13752,0.0,0,0
8,86009,253,1,122,13752,0.0,0,0
8,86010,253,1,118,13752,0.0,0,0
8,86011,253,1,124,13752,0.0,0,0
8,86012,253,1,158,13752,0.0,0,0
8,86013,253,1,129,13752,0.0,0,0
8,86014,253,1,160,13752,0.0,0,0
8,86015,253,1,122,13752,0.0,0,0
8,86016,253,1,131,13752,0.0,0,0
8,86017,253,1,133,13752,0.0,0,0
8,86018,253,1,123,13753,0.0,0,0
8,86019,253,1,130,13753,0.0,0,0
8,86020,253,1,129,13753,0.0,0,0
8,86021,253,1,136,13753,0.0,0,0
8,86022,253,1,138,13753,0.0,0,0
8,86023,253,1,130,13753,0.0,0,0
8,86024,253,1,124,13753,0.0,0,0
8,86025,253,1,135,13753,0.0,0,0
8,86026,253,1,138,13753,0.0,0,0
8,86027,253,1,137,13753,0.0,0,0
8,86028,253,1,147,13752,0.0,0,0
8,86029,253,1,163,13752,0.0,0,0
8,86030,253,1,139,13752,0.0,0,0
8,86031,253,1,135,13752,0.0,0,0
8,86032,253,1,136,13752,0.0,0,0
8,86033,253,1,144,13752,0.0,0,0
8,86034,253,1,149,13752,0.0,0,0
8,86035,253,1,142,13752,0.0,0,0
8,86036,253,1,148,13752,0.0,0,0
8,86037,253,1,150,13752,0.0,0,0
8,86038,253,1,148,13752,0.0,0,0
8,86039,253,0,118,13761,0.0,0,0
8,86040,253,0,124,13761,0.0,0,0
8,86041,253,0,111,13761,0.0,0,0
8,86042,253,0,113,13761,0.0,0,0
8,86043,253,0,160,13761,0.0,0,0
8,86044,253,0,124,13761,0.0,0,0
8,86045,253,0,131,13761,0.0,0,0
8,86046,253,0,133,13761,0.0,0,0
8,86047,253,0,123,13761,0.0,0,0
8,86048,253,0,130,13761,0.0,0,0
8,86049,253,0,129,13761,0.0,0,0
8,86050,253,0,131,13762,0.0,0,0
8,86051,253,0,123,13762,0.0,0,0
8,86052,253,0,125,13762,0.0,0,0
8,86053,253,0,129,13762,0.0,0,0
8,86054,253,0,126,13762,0.0,0,0
8,86055,253,0,140,13762,0.0,0,0
8,86056,253,0,136,13762,0.0,0,0
8,86057,253,0,129,13762,0.0,0,0
8,86058,253,0,131,13762,0.0,0,0
8,86059,253,0,140,13762,0.0,0,0
8,86060,253,0,144,13761,0.0,0,0
8,86061,253,0,7105,13761,0.0,0,0
8,86062,253,0,131,13761,0.0,0,0
8,86063,253,0,147,13761,0.0,0,0
8,86064,253,0,146,13761,0.0,0,0
8,86065,253,0,145,13761,0.0,0,0
8,86066,253,0,138,13761,0.0,0,0
8,86067,253,0,146,13761,0.0,0,0
8,86068,253,0,148,13761,0.0,0,0
8,86069,253,0,150,13761,0.0,0,0
8,86070,254,1,173,13752,0.0,0,0
8,86071,254,1,171,13752,0.0,0,0
8,86072,254,1,179,13752,0.0,0,0
8,86073,254,1,173,13752,0.0,0,0
8,86074,254,1,171,13753,0.0,0,0
8,86075,254,1,181,13753,0.0,0,0
8,86076,254,1,170,13753,0.0,0,0
8,86077,254,1,173,13753,0.0,0,0
8,86078,254,1,171,13753,0.0,0,0
8,86079,254,1,187,13753,0.0,0,0
8,86080,254,1,185,13752,0.0,0,0
8,86081,254,1,183,13752,0.0,0,0
8,86082,254,1,7147,13752,0.0,0,0
8,86083,254,1,7144,13752,0.0,0,0
8,86084,254,1,184,13752,0.0,0,0
8,86085,254,1,185,13752,0.0,0,0
8,86086,254,1,7143,13752,0.0,0,0
8,86087,254,1,189,13752,0.0,0,0
8,86088,254,0,171,13761,0.0,0,0
8,86089,254,0,176,13761,0.0,0,0
8,86090,254,0,173,13761,0.0,0,0
8,86091,254,0,171,13761,0.0,0,0
8,86092,254,0,181,13761,0.0,0,0
8,86093,254,0,173,13762,0.0,0,0
8,86094,254,0,169,13762,0.0,0,0
8,86095,254,0,185,13762,0.0,0,0
8,86096,254,0,178,13762,0.0,0,0
8,86097,254,0,176,13762,0.0,0,0
8,86098,254,0,180,13761,0.0,0,0
8,86099,254,0,187,13761,0.0,0,0
8,86100,254,0,7143,13761,0.0,0,0
8,86101,254,0,184,13761,0.0,0,0
8,86102,254,0,185,13761,0.0,0,0
8,86103,254,0,7143,13761,0.0,0,0
8,86104,254,0,7142,13761,0.0,0,0
8,86105,254,0,7144,13761,0.0,0,0
8,86106,255,1,201,13752,0.0,0,0
8,86107,255,1,203,13752,0.0,0,0
8,86108,255,1,208,13752,0.0,0,0
8,86109,255,1,205,13752,0.0,0,0
8,86110,255,1,206,13752,0.0,0,0
8,86111,255,1,207,13753,0.0,0,0
8,86112,255,1,200,13753,0.0,0,0
8,86113,255,1,204,13753,0.0,0,0
8,86114,255,1,210,13753,0.0,0,0
8,86115,255,1,7170,13753,0.0,0,0
8,86116,255,1,201,13753,0.0,0,0
8,86117,255,1,210,13752,0.0,0,0
8,86118,255,1,213,13752,0.0,0,0
8,86119,255,1,7175,13752,0.0,0,0
8,86120,255,1,217,13752,0.0,0,0
8,86121,255,1,3736,13752,0.0,0,0
8,86122,255,1,7172,13752,0.0,0,0
8,86123,255,1,7171,13752,0.0,0,0
8,86124,255,0,200,13761,0.0,0,0
8,86125,255,0,204,13761,0.0,0,0
8,86126,255,0,200,13761,0.0,0,0
8,86127,255,0,201,13761,0.0,0,0
8,86128,255,0,210,13761,0.0,0,0
8,86129,255,0,213,13761,0.0,0,0
8,86130,255,0,201,13762,0.0,0,0
8,86131,255,0,206,13762,0.0,0,0
8,86132,255,0,3735,13762,0.0,0,0
8,86133,255,0,213,13762,0.0,0,0
8,86134,255,0,203,13762,0.0,0,0
8,86135,255,0,207,13762,0.0,0,0
8,86136,255,0,214,13761,0.0,0,0
8,86137,255,0,210,13761,0.0,0,0
8,86138,255,0,218,13761,0.0,0,0
8,86139,255,0,7176,13761,0.0,0,0
8,86140,255,0,7169,13761,0.0,0,0
8,86141,255,0,7170,13761,0.0,0,0
